radix=10;
coefdata=-0.0003420082800587, -0.0010178210914520, -0.0014062339150429, -0.0011707962422883, -0.0002251586158093, 0.0011423533155587, 0.0023262120767030, 0.0026538647510502, 0.0017332847398526, -0.0002712693069902, -0.0025995390939430, -0.0041608982929975, -0.0040252428143804, -0.0019258984608819, 0.0014825319501681, 0.0047856591082258, 0.0063784756195043, 0.0052218072968826, 0.0014377788989468, -0.0035746463972781, -0.0076296532088333, -0.0086937954593489, -0.0058768995207334, -0.0000014003650169, 0.0065762222728759, 0.0108948599725196, 0.0107107179618707, 0.0056257811293583, -0.0025326455248721, -0.0103369669973449, -0.0141930663779391, -0.0119862958762156, -0.0041888046118828, 0.0061352429662579, 0.0145214145325471, 0.0170370897521112, 0.0121171362452676, 0.0014486407791561, -0.0105700716897085, -0.0186446006007692, -0.0189244022481111, -0.0108298923448765, 0.0024978859069349, 0.0154074459104817, 0.0221460077379217, 0.0194351399564985, 0.0080543970414080, -0.0073289309789506, -0.0200824645486685, -0.0244888667286097, -0.0183234868848746, -0.0039612090333140, 0.0125335369362689, 0.0239873759569435, 0.0252633707570368, 0.0155799752305783, -0.0010489772366095, -0.0174910807144160, -0.0265813159562377, -0.0242727634569985, -0.0114511075879749, 0.0064014655382684, 0.0215771999501087, 0.0274948684765741, 0.0215771999501087, 0.0064014655382684, -0.0114511075879749, -0.0242727634569984, -0.0265813159562377, -0.0174910807144160, -0.0010489772366095, 0.0155799752305783, 0.0252633707570368, 0.0239873759569435, 0.0125335369362689, -0.0039612090333140, -0.0183234868848746, -0.0244888667286097, -0.0200824645486685, -0.0073289309789506, 0.0080543970414080, 0.0194351399564985, 0.0221460077379217, 0.0154074459104817, 0.0024978859069349, -0.0108298923448765, -0.0189244022481111, -0.0186446006007692, -0.0105700716897085, 0.0014486407791561, 0.0121171362452676, 0.0170370897521112, 0.0145214145325471, 0.0061352429662579, -0.0041888046118828, -0.0119862958762156, -0.0141930663779391, -0.0103369669973449, -0.0025326455248721, 0.0056257811293583, 0.0107107179618707, 0.0108948599725197, 0.0065762222728759, -0.0000014003650169, -0.0058768995207334, -0.0086937954593489, -0.0076296532088333, -0.0035746463972781, 0.0014377788989468, 0.0052218072968826, 0.0063784756195043, 0.0047856591082258, 0.0014825319501681, -0.0019258984608819, -0.0040252428143804, -0.0041608982929975, -0.0025995390939430, -0.0002712693069902, 0.0017332847398526, 0.0026538647510502, 0.0023262120767030, 0.0011423533155587, -0.0002251586158093, -0.0011707962422883, -0.0014062339150429, -0.0010178210914520, -0.0003420082800587;
