radix=10;
coefdata=-0.0007586389547705, 0.0005480250742427, 0.0013948314905923, -0.0000000183865982, -0.0018908867405101, -0.0010114848610855, 0.0019243701509947, 0.0023079194850747, -0.0012224636669122, -0.0035117830399020, -0.0003088018099487, 0.0041243191648974, 0.0024850219636136, -0.0036732825497364, -0.0048192623205820, 0.0018937214639526, 0.0066014370012995, 0.0011158015099737, -0.0070780210060349, -0.0048229560582797, 0.0056924812485088, 0.0083212870529079, -0.0023175183308092, -0.0105277676502634, -0.0026005242772277, 0.0104809673388684, 0.0080501048077913, -0.0076624517077813, -0.0126419629354152, 0.0022428622434934, 0.0149481143327693, 0.0048374763986955, -0.0139121405247064, -0.0120053355151936, 0.0092160849907965, 0.0173998701296504, -0.0014867140547968, -0.0193525351389656, -0.0077423608669789, 0.0168768130528588, 0.0163324432763141, -0.0100259883009827, -0.0220485626104303, 0.0000000801851665, 0.0231511097809037, 0.0110539592514440, -0.0189100068256055, -0.0205217815451363, 0.0098892357673325, 0.0259690643537604, 0.0020962459424067, -0.0257906349135582, -0.0143631336800806, 0.0196804100725477, 0.0239979869610120, -0.0087849192228114, -0.0285912256007725, -0.0045208737377165, 0.0268716283670395, 0.0171860786268721, -0.0190673577277650, -0.0262372611797023, 0.0068860985953473, 0.0295184378349306, 0.0068860985953473, -0.0262372611797023, -0.0190673577277650, 0.0171860786268721, 0.0268716283670395, -0.0045208737377165, -0.0285912256007725, -0.0087849192228113, 0.0239979869610120, 0.0196804100725477, -0.0143631336800806, -0.0257906349135583, 0.0020962459424067, 0.0259690643537604, 0.0098892357673325, -0.0205217815451363, -0.0189100068256055, 0.0110539592514440, 0.0231511097809037, 0.0000000801851665, -0.0220485626104303, -0.0100259883009827, 0.0163324432763141, 0.0168768130528588, -0.0077423608669789, -0.0193525351389656, -0.0014867140547968, 0.0173998701296504, 0.0092160849907965, -0.0120053355151936, -0.0139121405247064, 0.0048374763986955, 0.0149481143327693, 0.0022428622434934, -0.0126419629354152, -0.0076624517077813, 0.0080501048077913, 0.0104809673388684, -0.0026005242772277, -0.0105277676502634, -0.0023175183308092, 0.0083212870529079, 0.0056924812485088, -0.0048229560582797, -0.0070780210060349, 0.0011158015099737, 0.0066014370012995, 0.0018937214639526, -0.0048192623205820, -0.0036732825497364, 0.0024850219636136, 0.0041243191648974, -0.0003088018099487, -0.0035117830399020, -0.0012224636669122, 0.0023079194850747, 0.0019243701509947, -0.0010114848610855, -0.0018908867405101, -0.0000000183865982, 0.0013948314905923, 0.0005480250742427, -0.0007586389547705;
