radix=10;
coefdata=0.0000226171205637, -0.0000604384765895, 0.0000269329140422, 0.0000689228260682, -0.0001135511506385, 0.0000117837599660, 0.0001565223244188, -0.0001744234834821, -0.0000497758709958, 0.0002944680895238, -0.0002202793526305, -0.0001878368233562, 0.0004802039697798, -0.0002125179424947, -0.0004316826977087, 0.0006919316725005, -0.0000977606453173, -0.0008002505974388, 0.0008821840837336, 0.0001864719365684, -0.0012903009270871, 0.0009746943390190, 0.0007010122642209, -0.0018642445109078, 0.0008665360917691, 0.0014897779578507, -0.0024400810182866, 0.0004367158551674, 0.0025617571789986, -0.0028860509451764, -0.0004386693512402, 0.0038727761093167, -0.0030217870523193, -0.0018662187206792, 0.0053100496073296, -0.0026264868978749, -0.0039126739850319, 0.0066815957090571, -0.0014520534102227, -0.0065841024936347, 0.0077108630544233, 0.0007637880127485, -0.0098108478924168, 0.0080321262427247, 0.0042951957766792, -0.0134423700664001, 0.0071737595001777, 0.0094577865819422, -0.0172539364858177, 0.0044928152921018, 0.0167229636509528, -0.0209662522419125, -0.0010476786900220, 0.0270811986572054, -0.0242751173714496, -0.0116837316117175, 0.0433710805355321, -0.0268886666372276, -0.0346671400228861, 0.0775640853452647, -0.0285634706960766, -0.1206407029693592, 0.2888213294011005, 0.6375270358841323, 0.2888213294011005, -0.1206407029693592, -0.0285634706960766, 0.0775640853452647, -0.0346671400228861, -0.0268886666372276, 0.0433710805355321, -0.0116837316117175, -0.0242751173714496, 0.0270811986572054, -0.0010476786900220, -0.0209662522419125, 0.0167229636509528, 0.0044928152921018, -0.0172539364858177, 0.0094577865819422, 0.0071737595001777, -0.0134423700664001, 0.0042951957766792, 0.0080321262427247, -0.0098108478924168, 0.0007637880127485, 0.0077108630544233, -0.0065841024936347, -0.0014520534102227, 0.0066815957090571, -0.0039126739850319, -0.0026264868978749, 0.0053100496073296, -0.0018662187206792, -0.0030217870523193, 0.0038727761093167, -0.0004386693512402, -0.0028860509451764, 0.0025617571789986, 0.0004367158551674, -0.0024400810182866, 0.0014897779578507, 0.0008665360917691, -0.0018642445109078, 0.0007010122642209, 0.0009746943390190, -0.0012903009270871, 0.0001864719365684, 0.0008821840837336, -0.0008002505974388, -0.0000977606453173, 0.0006919316725005, -0.0004316826977087, -0.0002125179424947, 0.0004802039697798, -0.0001878368233562, -0.0002202793526305, 0.0002944680895238, -0.0000497758709958, -0.0001744234834821, 0.0001565223244188, 0.0000117837599660, -0.0001135511506385, 0.0000689228260682, 0.0000269329140422, -0.0000604384765895, 0.0000226171205637;
