radix=10;
coefdata=0.0000357987398731, -0.0001186974875118, -0.0002093997756857, -0.0000976896423893, 0.0001723336783337, 0.0003534638694014, 0.0002082022350313, -0.0002150327505906, -0.0005412098701259, -0.0003842034869565, 0.0002296918315181, 0.0007712242171485, 0.0006432771728915, -0.0001937951135715, -0.0010365266695138, -0.0010024126390328, 0.0000794479952398, 0.0013232478886519, 0.0014764818354409, 0.0001462787300538, -0.0016094619103831, -0.0020766178868821, -0.0005207659501136, 0.0018642075599770, 0.0028086340785681, 0.0010851824562557, -0.0020466553146342, -0.0036716358049150, -0.0018840166344278, 0.0021052467311400, 0.0046569770741522, 0.0029652554422372, -0.0019764169389646, -0.0057476963450781, -0.0043819547232356, 0.0015821272092134, 0.0069185342727907, 0.0061964961692192, -0.0008246943892777, -0.0081365906082328, -0.0084899899999926, -0.0004241752899172, 0.0093626229026956, 0.0113820015506670, 0.0023469889379598, -0.0105529309494117, -0.0150728314368027, -0.0052335496647954, 0.0116617139283324, 0.0199412853854628, 0.0096110857493284, -0.0126437379918365, -0.0268025147717472, -0.0166126536629423, 0.0134571159554712, 0.0377441535042054, 0.0292971719788909, -0.0140659820560395, -0.0599666466375663, -0.0599137037760637, 0.0144428459141490, 0.1441656026565585, 0.2679243007718933, 0.3187662566082264, 0.2679243007718933, 0.1441656026565585, 0.0144428459141490, -0.0599137037760637, -0.0599666466375663, -0.0140659820560395, 0.0292971719788909, 0.0377441535042054, 0.0134571159554712, -0.0166126536629423, -0.0268025147717472, -0.0126437379918365, 0.0096110857493284, 0.0199412853854628, 0.0116617139283324, -0.0052335496647954, -0.0150728314368027, -0.0105529309494117, 0.0023469889379598, 0.0113820015506670, 0.0093626229026956, -0.0004241752899172, -0.0084899899999926, -0.0081365906082328, -0.0008246943892777, 0.0061964961692192, 0.0069185342727907, 0.0015821272092134, -0.0043819547232356, -0.0057476963450781, -0.0019764169389646, 0.0029652554422372, 0.0046569770741522, 0.0021052467311400, -0.0018840166344278, -0.0036716358049150, -0.0020466553146342, 0.0010851824562557, 0.0028086340785681, 0.0018642075599770, -0.0005207659501136, -0.0020766178868821, -0.0016094619103831, 0.0001462787300538, 0.0014764818354409, 0.0013232478886519, 0.0000794479952398, -0.0010024126390328, -0.0010365266695138, -0.0001937951135715, 0.0006432771728915, 0.0007712242171485, 0.0002296918315181, -0.0003842034869565, -0.0005412098701259, -0.0002150327505906, 0.0002082022350313, 0.0003534638694014, 0.0001723336783337, -0.0000976896423893, -0.0002093997756857, -0.0001186974875118, 0.0000357987398731;
